	Harekete Başlama Anı	Çarpma Anı	Çarpmasız Süre	Kümülatif Süre
0	1602458329			0
1	1602458329	1602458341	11,79818702	11,80
2	1602458344	1602458354	9,343433857	21,14
3	1602458357	1602458374	16,80454707	37,95
4	1602458377	1602458379	2,084077835	40,03
5	1602458383	1602458385	2,42782402	42,46
6	1602458389	1602458390	1,737497091	44,20
7	1602458394	1602458398	4,129405022	48,32
8	1602458401	1602458412	10,41649008	58,74
9	1602458415	1602458418	2,402696848	61,14
10	1602458421	1602458457	36,12537599	97,27
11	1602458461	1602458470	9,119710207	106,39
12	1602458473	1602458477	3,128731966	109,52
13	1602458480	1602458484	3,829777002	113,35
14	1602458487	1602458489	2,064000845	115,41
15	1602458493	1602458495	2,43921113	117,85
16	1602458499	1602458533	34,05300498	151,90
17	1602458536	1602458556	19,91670799	171,82
18	1602458560	1602458561	1,760470152	173,58
19	1602458565	1602458567	2,485929012	176,07
20	1602458571	1602458574	2,828952074	178,90
21	1602458577	1602458604	26,91667891	205,81
22	1602458607	1602458624	16,68700004	222,50
23	1602458628	1602458629	1,737040997	224,24
24	1602458633	1602458636	3,111808062	227,35
25	1602458639	1602458642	2,78050518	230,13
26	1602458646	1602458649	3,514110804	233,64
27	1602458653	1602458655	2,797551155	236,44
28	1602458659	1602458662	3,068897009	239,51
29	1602458665	1602458669	3,415048122	242,92
30	1602458672	1602458675	2,493824005	245,42
31	1602458678	1602458740	62,02555108	307,44
32	1602458744	1602458773	29,69667912	337,14
33	1602458777	1602458796	19,14401412	356,28
34	1602458799	1602458817	17,20925188	373,49
35	1602458820	1602458837	16,52281904	390,02
36	1602458840	1602458904	63,75750303	453,77
37	1602458907	1602458909	2,109400988	455,88
38	1602458913	1602458917	3,746897936	459,63
39	1602458920	1602458928	7,513411045	467,14
40	1602458931	1602458990	58,94612694	526,09
41	1602458993	1602458995	2,079508781	528,17
42	1602458999	1602459007	7,871774912	536,04
43	1602459010	1602459014	3,79279995	539,83
44	1602459017	1602459026	8,8997159	548,73
45	1602459030	1602459063	33,04495382	581,78
46	1602459066	1602459091	24,70011401	606,48
47	1602459095	1602459108	13,08818412	619,57
48	1602459111	1602459114	3,432610035	623,00
49	1602459118	1602459121	2,779953957	625,78
50	1602459124	1602459126	2,087988853	627,87
51	1602459130	1602459132	2,443900824	630,31
52	1602459136	1602459138	2,385288	632,70
53	1602459141	1602459145	3,450441122	636,15
54	1602459148	1602459151	2,43510294	638,58
55	1602459154	1602459202	48,11288309	686,70
56	1602459206	1602459215	9,323936939	696,02
57	1602459219	1602459238	19,60086989	715,62
58	1602459242	1602459245	3,453742981	719,07
59	1602459249	1602459250	1,36552	720,44
60	1602459253	1602459256	2,422622919	722,86
61	1602459259	1602459280	21,27315593	744,14
62	1602459284	1602459285	1,395606995	745,53
63	1602459288	1602459291	3,116019011	748,65
64	1602459295	1602459327	32,41763306	781,06
65	1602459331	1602459359	28,14848018	809,21
66	1602459362	1602459436	73,96698189	883,18
67	1602459440	1602459503	62,95528913	946,14
68	1602459506	1602459519	13,0635891	959,20
69	1602459523	1602459546	23,32778192	982,53
70	1602459549	1602459552	2,727476835	985,25
71	1602459556	1602459558	2,415638924	987,67
72	1602459562	1602459564	2,419306993	990,09
73	1602459567	1602459589	21,24208093	1011,33
74	1602459592	1602459594	1,737003088	1013,07
75	1602459597	1602459618	20,92950797	1034,00
76	1602459622	1602459623	1,738354206	1035,74
77	1602459627	1602459639	12,14051819	1047,88
78	1602459642	1602459646	3,116119862	1050,99
79	1602459649	1602459671	21,8158741	1072,81
80	1602459674	1602459701	26,77743506	1099,59
81	1602459705	1602459712	7,651951075	1107,24
82	1602459716	1602459718	2,431871176	1109,67
83	1602459722	1602459724	2,125727177	1111,80
84	1602459727	1602459728	1,377133846	1113,17
85	1602459732	1602459741	9,263413906	1122,44
86	1602459744	1602459746	1,385921001	1123,82
87	1602459749	1602459752	3,144484997	1126,97
88	1602459756	1602459757	1,736990213	1128,70
89	1602459761	1602459763	2,760888815	1131,46
90	1602459767	1602459776	8,703193903	1140,17
91	1602459779	1602459896	117,3195429	1257,49
92	1602459900	1602459926	26,10142589	1283,59
93	1602459929	1602459941	11,37433982	1294,96
94	1602459944	1602459947	2,803496122	1297,77
95	1602459951	1602459957	6,292840004	1304,06
96	1602459960	1602459962	2,085175991	1306,14
97	1602459966	1602459976	10,34271407	1316,49
98	1602459980	1602459981	1,727521896	1318,21
99	1602459985	1602460053	68,58003402	1386,79
100	1602460057	1602460062	5,097630978	1391,89
101	1602460065	1602460074	8,946540833	1400,84
102	1602460078	1602460080	2,402338982	1403,24
103	1602460084	1602460086	2,796005964	1406,04
104	1602460090	1602460119	29,37414694	1435,41
105	1602460123	1602460126	2,803162098	1438,21
106	1602460129	1602460131	2,40527606	1440,62
107	1602460135	1602460256	120,9844711	1561,60
108	1602460259	1602460262	2,813824892	1564,42
109	1602460266	1602460274	7,976801872	1572,39
110	1602460277	1602460428	151,4086478	1723,80
111	1602460432	1602460434	2,403242111	1726,21
112	1602460438	1602460450	12,05962491	1738,27
113	1602460453	1602460455	1,762811899	1740,03
114	1602460458	1602460461	2,778144836	1742,81
115	1602460465	1602460467	2,80459094	1745,61
116	1602460471	1602460474	3,133841991	1748,75
117	1602460478	1602460479	1,707360983	1750,45
118	1602460483	1602460485	2,730938196	1753,18
119	1602460489	1602460491	2,385678053	1755,57
120	1602460495	1602460502	7,18143487	1762,75
121	1602460505	1602460507	2,057843924	1764,81
122	1602460511	1602460569	57,96124911	1822,77
123	1602460572	1602460620	47,46061587	1870,23
124	1602460623	1602460721	97,67112303	1967,90
125	1602460724	1602460726	1,709952831	1969,61
126	1602460729	1602460736	6,530403137	1976,14
127	1602460739	1602460742	2,42957902	1978,57
128	1602460745	1602460757	11,74295807	1990,31
129	1602460761	1602460852	91,01122785	2081,33
130	1602460855	1602460857	1,762075901	2083,09
131	1602460860	1602460863	2,730823994	2085,82
132	1602460866	1602461401	534,612057	2620,43
133	1602461404	1602461774	369,020987	2989,45
134	1602461777	1602461663	717,367672	3706,82
135	1602461584	1602461820	20,69190907	3727,51
136	1602461713	1602461977	34,47864103	3761,99
137	1602461843	1602462133	2,727647066	3764,72
138	1602461973	1602462290	317,86	4082,58
139	1602462102	1602463106	1004,38	5086,96
